-9950
-9938
-9865
-9863
-9844
-9842
-9830
-9767
-9756
-9653
-9651
-9628
-9626
-9608
-9586
-9576
-9573
-9507
-9500
-9496
-9493
-9492
-9483
-9474
-9462
-9420
-9400
-9399
-9394
-9368
-9360
-9352
-9309
-9288
-9285
-9238
-9215
-9110
-9080
-9017
-8933
-8922
-8907
-8843
-8829
-8815
-8812
-8797
-8786
-8707
-8693
-8679
-8669
-8647
-8640
-8618
-8613
-8580
-8539
-8539
-8531
-8510
-8480
-8462
-8407
-8393
-8348
-8348
-8259
-8252
-8239
-8217
-8200
-8171
-8168
-8163
-8146
-8127
-8097
-8085
-8078
-8058
-8031
-8013
-7984
-7968
-7967
-7960
-7951
-7947
-7941
-7921
-7904
-7873
-7832
-7831
-7828
-7813
-7808
-7793
-7769
-7754
-7691
-7690
-7687
-7668
-7652
-7651
-7636
-7611
-7606
-7605
-7550
-7549
-7534
-7534
-7533
-7501
-7453
-7432
-7410
-7405
-7405
-7404
-7367
-7333
-7330
-7322
-7271
-7267
-7252
-7222
-7150
-7137
-7100
-7077
-7047
-7036
-7012
-7008
-7008
-7004
-6978
-6973
-6905
-6875
-6873
-6809
-6685
-6664
-6639
-6624
-6619
-6597
-6583
-6581
-6579
-6529
-6516
-6415
-6409
-6387
-6352
-6338
-6336
-6324
-6310
-6306
-6251
-6246
-6246
-6203
-6190
-6186
-6169
-6142
-6099
-6046
-6038
-6018
-6013
-6011
-6009
-5976
-5948
-5937
-5916
-5893
-5868
-5867
-5830
-5802
-5782
-5777
-5767
-5744
-5741
-5732
-5724
-5717
-5711
-5701
-5697
-5682
-5678
-5676
-5590
-5563
-5559
-5552
-5552
-5539
-5475
-5466
-5450
-5444
-5440
-5427
-5425
-5413
-5402
-5395
-5360
-5354
-5301
-5260
-5246
-5238
-5217
-5188
-5187
-5182
-5173
-5103
-5101
-5085
-5084
-5068
-5056
-5052
-5044
-5011
-4986
-4960
-4935
-4893
-4888
-4887
-4880
-4868
-4863
-4813
-4808
-4739
-4738
-4737
-4729
-4711
-4694
-4660
-4637
-4634
-4610
-4601
-4582
-4581
-4553
-4553
-4529
-4525
-4458
-4436
-4417
-4401
-4373
-4369
-4324
-4255
-4252
-4229
-4167
-4066
-4057
-4047
-4044
-4011
-3997
-3994
-3978
-3956
-3942
-3941
-3929
-3922
-3868
-3856
-3845
-3830
-3823
-3811
-3809
-3776
-3753
-3744
-3743
-3731
-3715
-3704
-3686
-3681
-3648
-3638
-3637
-3636
-3624
-3604
-3594
-3549
-3531
-3510
-3491
-3442
-3424
-3419
-3377
-3371
-3335
-3331
-3313
-3312
-3306
-3290
-3286
-3229
-3222
-3194
-3176
-3144
-3101
-3095
-3056
-3043
-3030
-3011
-2989
-2944
-2934
-2928
-2928
-2909
-2898
-2884
-2863
-2860
-2855
-2839
-2836
-2835
-2833
-2814
-2812
-2794
-2787
-2785
-2752
-2729
-2723
-2705
-2698
-2678
-2665
-2631
-2599
-2582
-2581
-2567
-2552
-2519
-2516
-2483
-2459
-2457
-2443
-2401
-2374
-2349
-2346
-2312
-2264
-2254
-2239
-2236
-2221
-2191
-2183
-2168
-2162
-2104
-2063
-2062
-2048
-2044
-2012
-2004
-1997
-1995
-1995
-1955
-1947
-1936
-1897
-1897
-1893
-1820
-1748
-1611
-1583
-1577
-1549
-1548
-1514
-1503
-1456
-1393
-1392
-1353
-1309
-1300
-1266
-1248
-1233
-1196
-1173
-1134
-1125
-1121
-1098
-1087
-1086
-1085
-1073
-1042
-1021
-997
-996
-974
-955
-944
-943
-931
-915
-890
-879
-854
-849
-829
-825
-824
-820
-810
-800
-786
-764
-717
-703
-685
-624
-579
-573
-557
-474
-458
-435
-417
-390
-324
-272
-268
-252
-207
-203
-188
-94
-71
-44
-42
-35
-35
-13
40
56
78
126
129
159
172
200
234
247
255
268
288
340
351
364
364
371
388
390
391
444
474
478
480
492
493
500
516
526
536
631
634
649
690
744
748
760
775
820
827
842
849
851
860
860
917
922
951
970
977
996
1053
1074
1136
1206
1226
1266
1269
1311
1407
1462
1478
1486
1499
1510
1575
1615
1636
1649
1663
1670
1721
1721
1769
1769
1773
1834
1865
1868
1871
1880
1890
1931
1957
1987
1991
1992
2009
2033
2069
2070
2076
2099
2112
2143
2156
2157
2158
2176
2199
2236
2240
2247
2249
2268
2278
2283
2307
2334
2372
2385
2462
2472
2474
2499
2517
2527
2535
2573
2631
2657
2658
2696
2721
2759
2761
2764
2772
2813
2829
2836
2852
2862
2881
2956
2990
2997
3023
3028
3081
3094
3123
3124
3148
3159
3160
3173
3174
3177
3177
3178
3180
3181
3182
3190
3249
3276
3289
3305
3314
3319
3325
3424
3425
3428
3434
3460
3478
3487
3489
3494
3525
3538
3571
3588
3628
3640
3648
3649
3710
3735
3790
3798
3803
3834
3904
3913
3927
3936
3947
3967
4019
4026
4036
4037
4062
4079
4085
4121
4137
4147
4153
4184
4221
4254
4297
4333
4362
4388
4413
4436
4443
4444
4472
4474
4507
4523
4533
4533
4542
4551
4552
4641
4651
4663
4673
4709
4719
4746
4772
4789
4791
4799
4800
4818
4820
4825
4839
4846
4850
4860
4862
4877
4878
4885
4905
4938
4952
4953
4962
5011
5022
5031
5033
5034
5039
5044
5092
5120
5168
5174
5181
5191
5216
5224
5227
5252
5258
5265
5269
5269
5269
5338
5339
5368
5383
5391
5409
5409
5457
5460
5502
5533
5548
5559
5578
5605
5619
5631
5647
5665
5668
5696
5720
5720
5728
5731
5792
5820
5882
5882
5902
5988
6013
6095
6121
6170
6176
6195
6242
6296
6300
6329
6339
6352
6472
6484
6522
6623
6624
6640
6662
6671
6708
6716
6732
6733
6772
6791
6830
6839
6844
6859
6870
6878
6952
6982
6983
6992
7004
7040
7042
7073
7077
7107
7115
7144
7173
7175
7250
7277
7299
7299
7325
7348
7413
7416
7423
7493
7502
7507
7557
7566
7591
7612
7624
7658
7714
7721
7759
7770
7774
7786
7793
7829
7846
7853
7853
7861
7886
7911
7935
7936
7942
7956
7965
7971
7985
8006
8023
8045
8046
8047
8083
8090
8104
8109
8149
8168
8180
8204
8214
8221
8225
8225
8229
8255
8271
8275
8318
8349
8355
8367
8381
8387
8391
8404
8415
8418
8418
8441
8456
8489
8496
8516
8532
8572
8578
8601
8606
8615
8645
8694
8756
8771
8776
8788
8801
8818
8844
8855
8922
8953
8953
8969
8988
8997
9103
9117
9130
9149
9160
9172
9173
9211
9226
9228
9228
9230
9234
9259
9259
9274
9295
9315
9335
9369
9380
9403
9415
9425
9434
9513
9524
9528
9561
9596
9603
9615
9632
9633
9636
9685
9701
9720
9724
9735
9744
9747
9757
9757
9766
9769
9779
9789
9799
9850
9875
9876
9877
9898
9905
9911
9919
9948
9960
9977
9983
9989
9995
Registradores
Reg.:	Valor:
$zero	0
$at	0
$v0	10
$v1	0
$a0	9995
$a1	0
$a2	0
$a3	0
$t0	1000
$t1	0
$t2	0
$t3	4124
$t4	1996
$t5	0
$t6	0
$t7	468
$s0	-573
$s1	-579
$s2	0
$s3	0
$s4	0
$s5	0
$s6	0
$s7	0
$t8	0
$t9	0
$k0	0
$k1	0
$gp	0
$sp	4248
$fp	0
$ra	0


Memória
End*.:	Valor:
0	['addi', '$t0', '$zero', '1000']
1	['addi', '$t6', '$zero', '1']
2	['la', '$t3', 'vetor']
3	['addi', '$t3', '$t3', '4']
4	['slt', '$t5', '$t6', '$t0']
5	['beq', '$t5', '$zero', 'fimfor']
6	['lw', '$s0', '($t3)']
7	['move', '$t7', '$t6']
8	['move', '$t4', '$t3']
9	['beq', '$t7', '$zero', 'fimwhile']
10	['lw', '$s1', '-4($t4)']
11	['slt', '$t5', '$s1', '$s0']
12	['bne', '$t5', '$zero', 'fimwhile']
13	['sw', '$s1', '($t4)']
14	['subi', '$t4', '$t4', '4']
15	['subi', '$t7', '$t7', '1']
16	['j', 'condwhile']
17	['sw', '$s0', '($t4)']
18	['addi', '$t3', '$t3', '4']
19	['addi', '$t6', '$t6', '1']
20	['j', 'condfor']
21	['move', '$t6', '$t0']
22	['la', '$t3', 'vetor']
23	['lw', '$a0', '($t3)']
24	['addi', '$v0', '$zero', '1']
25	['syscall']
26	['addi', '$t3', '$t3', '4']
27	['subi', '$t6', '$t6', '1']
28	['bne', '$t6', '$zero', 'imprimir']
29	['addi', '$v0', '$zero', '10']
30	['syscall']
31	-9950
32	-9938
33	-9865
34	-9863
35	-9844
36	-9842
37	-9830
38	-9767
39	-9756
40	-9653
41	-9651
42	-9628
43	-9626
44	-9608
45	-9586
46	-9576
47	-9573
48	-9507
49	-9500
50	-9496
51	-9493
52	-9492
53	-9483
54	-9474
55	-9462
56	-9420
57	-9400
58	-9399
59	-9394
60	-9368
61	-9360
62	-9352
63	-9309
64	-9288
65	-9285
66	-9238
67	-9215
68	-9110
69	-9080
70	-9017
71	-8933
72	-8922
73	-8907
74	-8843
75	-8829
76	-8815
77	-8812
78	-8797
79	-8786
80	-8707
81	-8693
82	-8679
83	-8669
84	-8647
85	-8640
86	-8618
87	-8613
88	-8580
89	-8539
90	-8539
91	-8531
92	-8510
93	-8480
94	-8462
95	-8407
96	-8393
97	-8348
98	-8348
99	-8259
100	-8252
101	-8239
102	-8217
103	-8200
104	-8171
105	-8168
106	-8163
107	-8146
108	-8127
109	-8097
110	-8085
111	-8078
112	-8058
113	-8031
114	-8013
115	-7984
116	-7968
117	-7967
118	-7960
119	-7951
120	-7947
121	-7941
122	-7921
123	-7904
124	-7873
125	-7832
126	-7831
127	-7828
128	-7813
129	-7808
130	-7793
131	-7769
132	-7754
133	-7691
134	-7690
135	-7687
136	-7668
137	-7652
138	-7651
139	-7636
140	-7611
141	-7606
142	-7605
143	-7550
144	-7549
145	-7534
146	-7534
147	-7533
148	-7501
149	-7453
150	-7432
151	-7410
152	-7405
153	-7405
154	-7404
155	-7367
156	-7333
157	-7330
158	-7322
159	-7271
160	-7267
161	-7252
162	-7222
163	-7150
164	-7137
165	-7100
166	-7077
167	-7047
168	-7036
169	-7012
170	-7008
171	-7008
172	-7004
173	-6978
174	-6973
175	-6905
176	-6875
177	-6873
178	-6809
179	-6685
180	-6664
181	-6639
182	-6624
183	-6619
184	-6597
185	-6583
186	-6581
187	-6579
188	-6529
189	-6516
190	-6415
191	-6409
192	-6387
193	-6352
194	-6338
195	-6336
196	-6324
197	-6310
198	-6306
199	-6251
200	-6246
201	-6246
202	-6203
203	-6190
204	-6186
205	-6169
206	-6142
207	-6099
208	-6046
209	-6038
210	-6018
211	-6013
212	-6011
213	-6009
214	-5976
215	-5948
216	-5937
217	-5916
218	-5893
219	-5868
220	-5867
221	-5830
222	-5802
223	-5782
224	-5777
225	-5767
226	-5744
227	-5741
228	-5732
229	-5724
230	-5717
231	-5711
232	-5701
233	-5697
234	-5682
235	-5678
236	-5676
237	-5590
238	-5563
239	-5559
240	-5552
241	-5552
242	-5539
243	-5475
244	-5466
245	-5450
246	-5444
247	-5440
248	-5427
249	-5425
250	-5413
251	-5402
252	-5395
253	-5360
254	-5354
255	-5301
256	-5260
257	-5246
258	-5238
259	-5217
260	-5188
261	-5187
262	-5182
263	-5173
264	-5103
265	-5101
266	-5085
267	-5084
268	-5068
269	-5056
270	-5052
271	-5044
272	-5011
273	-4986
274	-4960
275	-4935
276	-4893
277	-4888
278	-4887
279	-4880
280	-4868
281	-4863
282	-4813
283	-4808
284	-4739
285	-4738
286	-4737
287	-4729
288	-4711
289	-4694
290	-4660
291	-4637
292	-4634
293	-4610
294	-4601
295	-4582
296	-4581
297	-4553
298	-4553
299	-4529
300	-4525
301	-4458
302	-4436
303	-4417
304	-4401
305	-4373
306	-4369
307	-4324
308	-4255
309	-4252
310	-4229
311	-4167
312	-4066
313	-4057
314	-4047
315	-4044
316	-4011
317	-3997
318	-3994
319	-3978
320	-3956
321	-3942
322	-3941
323	-3929
324	-3922
325	-3868
326	-3856
327	-3845
328	-3830
329	-3823
330	-3811
331	-3809
332	-3776
333	-3753
334	-3744
335	-3743
336	-3731
337	-3715
338	-3704
339	-3686
340	-3681
341	-3648
342	-3638
343	-3637
344	-3636
345	-3624
346	-3604
347	-3594
348	-3549
349	-3531
350	-3510
351	-3491
352	-3442
353	-3424
354	-3419
355	-3377
356	-3371
357	-3335
358	-3331
359	-3313
360	-3312
361	-3306
362	-3290
363	-3286
364	-3229
365	-3222
366	-3194
367	-3176
368	-3144
369	-3101
370	-3095
371	-3056
372	-3043
373	-3030
374	-3011
375	-2989
376	-2944
377	-2934
378	-2928
379	-2928
380	-2909
381	-2898
382	-2884
383	-2863
384	-2860
385	-2855
386	-2839
387	-2836
388	-2835
389	-2833
390	-2814
391	-2812
392	-2794
393	-2787
394	-2785
395	-2752
396	-2729
397	-2723
398	-2705
399	-2698
400	-2678
401	-2665
402	-2631
403	-2599
404	-2582
405	-2581
406	-2567
407	-2552
408	-2519
409	-2516
410	-2483
411	-2459
412	-2457
413	-2443
414	-2401
415	-2374
416	-2349
417	-2346
418	-2312
419	-2264
420	-2254
421	-2239
422	-2236
423	-2221
424	-2191
425	-2183
426	-2168
427	-2162
428	-2104
429	-2063
430	-2062
431	-2048
432	-2044
433	-2012
434	-2004
435	-1997
436	-1995
437	-1995
438	-1955
439	-1947
440	-1936
441	-1897
442	-1897
443	-1893
444	-1820
445	-1748
446	-1611
447	-1583
448	-1577
449	-1549
450	-1548
451	-1514
452	-1503
453	-1456
454	-1393
455	-1392
456	-1353
457	-1309
458	-1300
459	-1266
460	-1248
461	-1233
462	-1196
463	-1173
464	-1134
465	-1125
466	-1121
467	-1098
468	-1087
469	-1086
470	-1085
471	-1073
472	-1042
473	-1021
474	-997
475	-996
476	-974
477	-955
478	-944
479	-943
480	-931
481	-915
482	-890
483	-879
484	-854
485	-849
486	-829
487	-825
488	-824
489	-820
490	-810
491	-800
492	-786
493	-764
494	-717
495	-703
496	-685
497	-624
498	-579
499	-573
500	-557
501	-474
502	-458
503	-435
504	-417
505	-390
506	-324
507	-272
508	-268
509	-252
510	-207
511	-203
512	-188
513	-94
514	-71
515	-44
516	-42
517	-35
518	-35
519	-13
520	40
521	56
522	78
523	126
524	129
525	159
526	172
527	200
528	234
529	247
530	255
531	268
532	288
533	340
534	351
535	364
536	364
537	371
538	388
539	390
540	391
541	444
542	474
543	478
544	480
545	492
546	493
547	500
548	516
549	526
550	536
551	631
552	634
553	649
554	690
555	744
556	748
557	760
558	775
559	820
560	827
561	842
562	849
563	851
564	860
565	860
566	917
567	922
568	951
569	970
570	977
571	996
572	1053
573	1074
574	1136
575	1206
576	1226
577	1266
578	1269
579	1311
580	1407
581	1462
582	1478
583	1486
584	1499
585	1510
586	1575
587	1615
588	1636
589	1649
590	1663
591	1670
592	1721
593	1721
594	1769
595	1769
596	1773
597	1834
598	1865
599	1868
600	1871
601	1880
602	1890
603	1931
604	1957
605	1987
606	1991
607	1992
608	2009
609	2033
610	2069
611	2070
612	2076
613	2099
614	2112
615	2143
616	2156
617	2157
618	2158
619	2176
620	2199
621	2236
622	2240
623	2247
624	2249
625	2268
626	2278
627	2283
628	2307
629	2334
630	2372
631	2385
632	2462
633	2472
634	2474
635	2499
636	2517
637	2527
638	2535
639	2573
640	2631
641	2657
642	2658
643	2696
644	2721
645	2759
646	2761
647	2764
648	2772
649	2813
650	2829
651	2836
652	2852
653	2862
654	2881
655	2956
656	2990
657	2997
658	3023
659	3028
660	3081
661	3094
662	3123
663	3124
664	3148
665	3159
666	3160
667	3173
668	3174
669	3177
670	3177
671	3178
672	3180
673	3181
674	3182
675	3190
676	3249
677	3276
678	3289
679	3305
680	3314
681	3319
682	3325
683	3424
684	3425
685	3428
686	3434
687	3460
688	3478
689	3487
690	3489
691	3494
692	3525
693	3538
694	3571
695	3588
696	3628
697	3640
698	3648
699	3649
700	3710
701	3735
702	3790
703	3798
704	3803
705	3834
706	3904
707	3913
708	3927
709	3936
710	3947
711	3967
712	4019
713	4026
714	4036
715	4037
716	4062
717	4079
718	4085
719	4121
720	4137
721	4147
722	4153
723	4184
724	4221
725	4254
726	4297
727	4333
728	4362
729	4388
730	4413
731	4436
732	4443
733	4444
734	4472
735	4474
736	4507
737	4523
738	4533
739	4533
740	4542
741	4551
742	4552
743	4641
744	4651
745	4663
746	4673
747	4709
748	4719
749	4746
750	4772
751	4789
752	4791
753	4799
754	4800
755	4818
756	4820
757	4825
758	4839
759	4846
760	4850
761	4860
762	4862
763	4877
764	4878
765	4885
766	4905
767	4938
768	4952
769	4953
770	4962
771	5011
772	5022
773	5031
774	5033
775	5034
776	5039
777	5044
778	5092
779	5120
780	5168
781	5174
782	5181
783	5191
784	5216
785	5224
786	5227
787	5252
788	5258
789	5265
790	5269
791	5269
792	5269
793	5338
794	5339
795	5368
796	5383
797	5391
798	5409
799	5409
800	5457
801	5460
802	5502
803	5533
804	5548
805	5559
806	5578
807	5605
808	5619
809	5631
810	5647
811	5665
812	5668
813	5696
814	5720
815	5720
816	5728
817	5731
818	5792
819	5820
820	5882
821	5882
822	5902
823	5988
824	6013
825	6095
826	6121
827	6170
828	6176
829	6195
830	6242
831	6296
832	6300
833	6329
834	6339
835	6352
836	6472
837	6484
838	6522
839	6623
840	6624
841	6640
842	6662
843	6671
844	6708
845	6716
846	6732
847	6733
848	6772
849	6791
850	6830
851	6839
852	6844
853	6859
854	6870
855	6878
856	6952
857	6982
858	6983
859	6992
860	7004
861	7040
862	7042
863	7073
864	7077
865	7107
866	7115
867	7144
868	7173
869	7175
870	7250
871	7277
872	7299
873	7299
874	7325
875	7348
876	7413
877	7416
878	7423
879	7493
880	7502
881	7507
882	7557
883	7566
884	7591
885	7612
886	7624
887	7658
888	7714
889	7721
890	7759
891	7770
892	7774
893	7786
894	7793
895	7829
896	7846
897	7853
898	7853
899	7861
900	7886
901	7911
902	7935
903	7936
904	7942
905	7956
906	7965
907	7971
908	7985
909	8006
910	8023
911	8045
912	8046
913	8047
914	8083
915	8090
916	8104
917	8109
918	8149
919	8168
920	8180
921	8204
922	8214
923	8221
924	8225
925	8225
926	8229
927	8255
928	8271
929	8275
930	8318
931	8349
932	8355
933	8367
934	8381
935	8387
936	8391
937	8404
938	8415
939	8418
940	8418
941	8441
942	8456
943	8489
944	8496
945	8516
946	8532
947	8572
948	8578
949	8601
950	8606
951	8615
952	8645
953	8694
954	8756
955	8771
956	8776
957	8788
958	8801
959	8818
960	8844
961	8855
962	8922
963	8953
964	8953
965	8969
966	8988
967	8997
968	9103
969	9117
970	9130
971	9149
972	9160
973	9172
974	9173
975	9211
976	9226
977	9228
978	9228
979	9230
980	9234
981	9259
982	9259
983	9274
984	9295
985	9315
986	9335
987	9369
988	9380
989	9403
990	9415
991	9425
992	9434
993	9513
994	9524
995	9528
996	9561
997	9596
998	9603
999	9615
1000	9632
1001	9633
1002	9636
1003	9685
1004	9701
1005	9720
1006	9724
1007	9735
1008	9744
1009	9747
1010	9757
1011	9757
1012	9766
1013	9769
1014	9779
1015	9789
1016	9799
1017	9850
1018	9875
1019	9876
1020	9877
1021	9898
1022	9905
1023	9911
1024	9919
1025	9948
1026	9960
1027	9977
1028	9983
1029	9989
1030	9995
1031	None
1032	None
1033	None
1034	None
1035	None
1036	None
1037	None
1038	None
1039	None
1040	None
1041	None
1042	None
1043	None
1044	None
1045	None
1046	None
1047	None
1048	None
1049	None
1050	None
1051	None
1052	None
1053	None
1054	None
1055	None
1056	None
1057	None
1058	None
1059	None
1060	None
1061	None
1062	None
*Endereço virtual. (endereço_real/4)

Cache
End. Conjunto.:	Valor do conjunto:
0
	Dado: [datetime.datetime(2014, 3, 18, 15, 35, 28, 648746), 0, [['addi', '$t0', '$zero', '1000'], ['addi', '$t6', '$zero', '1']]]
	Dado: [datetime.datetime(2014, 3, 18, 15, 35, 50, 210269), 3, [['addi', '$v0', '$zero', '1'], ['syscall']]]
1
	Dado: [datetime.datetime(2014, 3, 18, 15, 35, 28, 648774), 0, [['la', '$t3', 'vetor'], ['addi', '$t3', '$t3', '4']]]
	Dado: [datetime.datetime(2014, 3, 18, 15, 35, 50, 210370), 3, [['addi', '$t3', '$t3', '4'], ['subi', '$t6', '$t6', '1']]]
2
	Dado: [datetime.datetime(2014, 3, 18, 15, 35, 28, 648792), 0, [['slt', '$t5', '$t6', '$t0'], ['beq', '$t5', '$zero', 'fimfor']]]
	Dado: [datetime.datetime(2014, 3, 18, 15, 35, 50, 210469), 3, [['bne', '$t6', '$zero', 'imprimir'], ['addi', '$v0', '$zero', '10']]]
3
	Dado: [datetime.datetime(2014, 3, 18, 15, 35, 28, 648807), 0, [['lw', '$s0', '($t3)'], ['move', '$t7', '$t6']]]
	Dado: [datetime.datetime(2014, 3, 18, 15, 35, 50, 210532), 3, [['syscall'], -9950]]


Configuração da Arquitetura
Tamanho da Cache = 8 (posições)
Grau de Associatividade = 2
Palavras por bloco = 2
Modo de substituição (0 Aleatório, 1 LRU, 2 FIFO, 3 LFU): 2

Resultados
Hit Rate: (1253352) 48.8% 	Miss Rate: (1315970) 51.2%
